0.00002	736
0.00005	736
0.00007	736
0.00009	736
0.00011	736
0.00013	736
0.00015	736
0.00017	736
0.00019	736
0.00021	736
0.00023	736
0.00024	736
0.00026	736
0.00028	736
0.00030	736
0.00032	736
0.00034	736
0.00036	736
0.00038	736
0.00040	736
0.00042	736
0.00044	736
0.00046	736
0.00047	736
0.00049	736
0.00051	736
0.00053	736
0.00055	736
0.00057	736
0.00059	736
0.00061	736
0.00063	736
0.00065	736
0.00067	736
0.00069	736
0.00071	736
0.00072	736
0.00074	736
0.00076	736
0.00078	736
0.00080	736
0.00082	736
0.00084	736
0.00086	736
0.00088	736
0.00089	736
0.00091	736
0.00093	736
0.00095	736
0.00097	736
0.00099	736
0.00101	736
0.00103	736
0.00105	736
0.00106	736
0.00110	736
0.00112	736
0.00117	736
0.00121	736
0.00123	736
0.00126	736
0.00129	736
0.00132	736
0.00135	736
0.00137	736
0.00139	736
0.00141	736
0.00143	736
0.00145	736
0.00147	736
0.00149	736
0.00151	736
0.00153	736
0.00155	736
0.00157	736
0.00159	736
0.00161	736
0.00163	736
0.00164	736
0.00167	736
0.00168	736
0.00170	736
0.00172	736
0.00174	736
0.00176	736
0.00178	736
0.00180	736
0.00182	736
0.00184	736
0.00185	736
0.00187	736
0.00189	736
0.00191	736
0.00193	736
0.00195	736
0.00197	736
0.00199	736
0.00200	736
0.00203	736
0.00204	736
0.00206	736
0.00208	736
0.00210	736
0.00212	736
0.00214	736
0.00216	736
0.00218	736
0.00219	736
0.00221	736
0.00223	736
0.00225	736
0.00227	736
0.00229	736
0.00231	736
0.00233	736
0.00235	736
0.00236	736
0.00238	736
0.00240	736
0.00242	736
0.00245	736
0.00247	736
0.00249	736
0.00251	736
0.00253	736
0.00254	736
0.00256	736
0.00258	736
0.00260	736
0.00262	736
0.00264	736
0.00266	736
0.00268	736
0.00269	736
0.00271	736
0.00273	736
0.00275	736
0.00277	736
0.00279	736
0.00281	736
0.00283	736
0.00285	736
0.00286	736
0.00288	736
0.00290	736
0.00292	736
0.00294	736
0.00296	736
0.00298	736
0.00300	736
0.00302	736
0.00304	736
0.00305	736
0.00307	736
0.00309	736
0.00311	736
0.00313	736
0.00315	736
0.00317	736
0.00319	736
0.00321	736
0.00323	736
0.00325	736
0.00327	736
0.00329	736
0.00331	736
0.00332	736
0.00334	736
0.00336	736
0.00338	736
0.00340	736
0.00342	736
0.00344	736
0.00346	736
0.00347	736
0.00349	736
0.00351	736
0.00353	736
0.00355	736
0.00357	736
0.00359	736
0.00361	736
0.00363	736
0.00365	736
0.00367	736
0.00368	736
0.00370	736
0.00372	736
0.00374	736
0.00376	736
0.00378	736
0.00380	736
0.00382	736
0.00384	736
0.00385	736
0.00387	736
0.00389	736
0.00391	736
0.00393	736
0.00395	736
0.00397	736
0.00399	736
0.00401	736
0.00402	736
0.00404	736
0.00406	736
0.00408	736
0.00410	736
0.00412	736
0.00414	736
0.00416	736
0.00418	736
0.00420	736
0.00421	736
0.00424	736
0.00426	736
0.00428	736
0.00430	736
0.00432	736
0.00434	736
0.00436	736
0.00437	736
0.00439	736
0.00441	736
0.00443	736
0.00445	736
0.00447	736
0.00449	736
0.00451	736
0.00453	736
0.00455	736
0.00457	736
0.00458	736
0.00460	736
0.00462	736
0.00464	736
0.00466	736
0.00468	736
0.00470	736
0.00472	736
0.00474	736
0.00476	736
0.00478	736
0.00480	736
0.00481	736
0.00483	736
0.00485	736
0.00487	736
0.00489	736
0.00491	736
0.00493	736
0.00495	736
0.00496	736
0.00498	736
0.00500	736
0.00502	736
0.00504	736
0.00506	736
0.00508	736
0.00510	736
0.00511	736
0.00513	736
0.00515	736
0.00517	736
0.00519	736
0.00521	736
0.00523	736
0.00525	736
0.00527	736
0.00528	736
0.00530	736
0.00532	736
0.00534	736
0.00536	736
0.00538	736
0.00540	736
0.00542	736
0.00544	736
0.00545	736
0.00547	736
0.00549	736
0.00551	736
0.00553	736
0.00555	736
0.00557	736
0.00559	736
0.00561	736
0.00563	736
0.00564	736
0.00566	736
0.00568	736
0.00570	736
0.00572	736
0.00574	736
0.00576	736
0.00578	736
0.00580	736
0.00582	736
0.00583	736
0.00585	736
0.00587	736
0.00589	736
0.00591	736
0.00593	736
0.00595	736
0.00597	736
0.00599	736
0.00601	736
0.00602	736
0.00604	736
0.00606	736
0.00608	736
0.00610	736
0.00612	736
0.00614	736
0.00616	736
0.00618	736
0.00620	736
0.00622	736
0.00624	736
0.00626	736
0.00628	736
0.00630	736
0.00632	736
0.00634	736
0.00636	736
0.00640	736
0.00642	736
0.00644	736
0.00646	736
0.00648	736
0.00651	736
0.00653	736
0.00655	736
0.00660	736
0.00664	736
0.00666	736
0.00671	736
0.00674	736
0.00677	736
0.00680	736
0.00684	736
0.00688	736
0.00690	736
0.00692	736
0.00694	736
0.00696	736
0.00698	736
0.00700	736
0.00702	736
0.00703	736
0.00705	736
0.00707	736
0.00709	736
0.00711	736
0.00713	736
0.00715	736
0.00717	736
0.00718	736
0.00720	736
0.00722	736
0.00724	736
0.00726	736
0.00727	736
0.00729	736
0.00731	736
0.00733	736
0.00735	736
0.00737	736
0.00739	736
0.00741	736
0.00742	736
0.00744	736
0.00746	736
0.00747	736
0.00749	736
0.00751	736
0.00752	736
0.00754	736
0.00757	736
0.00760	736
0.00761	736
0.00763	736
0.00765	736
0.00766	736
0.00768	736
0.00770	736
0.00771	736
0.00773	736
0.00775	736
0.00776	736
0.00778	736
0.00780	736
0.00781	736
0.00783	736
0.00785	736
0.00786	736
0.00788	736
0.00789	736
0.00791	736
0.00793	736
0.00796	736
0.00799	736
0.00801	736
0.00803	736
0.00805	736
0.00808	736
0.00810	736
0.00812	736
0.00814	736
0.00816	736
0.00818	736
0.00821	736
0.00823	736
0.00825	736
0.00827	736
0.00830	736
0.00832	736
0.00834	736
0.00836	736
0.00839	736
0.00841	736
0.00845	736
0.00848	736
0.00853	736
0.00855	736
0.00857	736
0.00859	736
0.00861	736
0.00864	736
0.00866	736
0.00868	736
0.00870	736
0.00872	736
0.00874	736
0.00877	736
0.00879	736
0.00881	736
0.00883	736
0.00886	736
0.00888	736
0.00890	736
0.00892	736
0.00894	736
0.00897	736
0.00899	736
0.00901	736
0.00903	736
0.00905	736
0.00907	736
0.00913	736
0.00917	736
0.00920	736
0.00923	736
0.00927	736
0.00930	736
0.00934	736
0.00937	736
0.00939	736
0.00941	736
0.00944	736
0.00946	736
0.00948	736
0.00951	736
0.00953	736
0.00956	736
0.00958	736
0.00961	736
0.00963	736
0.00965	736
0.00968	736
0.00970	736
0.00972	736
0.00975	736
0.00977	736
0.00979	736
0.00982	736
0.00984	736
0.00986	736
0.00988	736
0.00991	736
0.00993	736
0.00995	736
0.00997	736
0.01000	736
0.01002	736
0.01004	736
0.01007	736
0.01009	736
0.01011	736
0.01014	736
0.01016	736
0.01018	736
0.01021	736
0.01023	736
0.01025	736
0.01027	736
0.01030	736
0.01032	736
0.01034	736
0.01036	736
0.01039	736
0.01041	736
0.01043	736
0.01046	736
0.01049	736
0.01051	736
0.01053	736
0.01055	736
0.01057	736
0.01060	736
0.01062	736
0.01064	736
0.01066	736
0.01069	736
0.01072	736
0.01076	736
0.01080	736
0.01083	736
0.01087	736
0.01090	736
0.01092	736
0.01094	736
0.01096	736
0.01098	736
0.01101	736
0.01103	736
0.01105	736
0.01107	736
0.01109	736
0.01112	736
0.01114	736
0.01116	736
0.01118	736
0.01120	736
0.01123	736
0.01125	736
0.01127	736
0.01129	736
0.01132	736
0.01134	736
0.01136	736
0.01138	736
0.01141	736
0.01143	736
0.01145	736
0.01147	736
0.01149	736
0.01152	736
0.01154	736
0.01156	736
0.01158	736
0.01160	736
0.01162	736
0.01165	736
0.01167	736
0.01169	736
0.01171	736
0.01173	736
0.01176	736
0.01178	736
0.01180	736
0.01182	736
0.01184	736
0.01187	736
0.01189	736
0.01191	736
0.01193	736
0.01195	736
0.01197	736
0.01200	736
0.01202	736
0.01204	736
0.01206	736
0.01208	736
0.01210	736
0.01213	736
0.01215	736
0.01217	736
0.01219	736
0.01222	736
0.01224	736
0.01226	736
0.01228	736
0.01230	736
0.01232	736
0.01235	736
0.01237	736
0.01239	736
0.01241	736
0.01243	736
0.01246	736
0.01248	736
0.01250	736
0.01252	736
0.01255	736
0.01257	736
0.01259	736
0.01261	736
0.01263	736
0.01266	736
0.01268	736
0.01270	736
0.01272	736
0.01274	736
0.01277	736
0.01279	736
0.01281	736
0.01283	736
0.01285	736
0.01288	736
0.01290	736
0.01292	736
0.01294	736
0.01296	736
0.01299	736
0.01301	736
0.01303	736
0.01305	736
0.01307	736
0.01310	736
0.01312	736
0.01314	736
0.01316	736
0.01318	736
0.01320	736
0.01323	736
0.01325	736
0.01327	736
0.01329	736
0.01332	736
0.01334	736
0.01336	736
0.01338	736
0.01340	736
0.01342	736
0.01345	736
0.01347	736
0.01349	736
0.01351	736
0.01353	736
0.01355	736
0.01358	736
0.01360	736
0.01362	736
0.01364	736
0.01367	736
0.01369	736
0.01371	736
0.01373	736
0.01375	736
0.01377	736
0.01380	736
0.01382	736
0.01384	736
0.01386	736
0.01388	736
0.01390	736
0.01393	736
0.01395	736
0.01397	736
0.01399	736
0.01401	736
0.01404	736
0.01406	736
0.01408	736
0.01410	736
0.01412	736
0.01414	736
0.01417	736
0.01419	736
0.01421	736
0.01423	736
0.01425	736
0.01428	736
0.01430	736
0.01432	736
0.01434	736
0.01436	736
0.01439	736
0.01441	736
0.01443	736
0.01445	736
0.01449	736
0.01451	736
0.01453	736
0.01456	736
0.01458	736
0.01463	736
0.01465	736
0.01467	736
0.01469	736
0.01471	736
0.01473	736
0.01475	736
0.01477	736
0.01478	736
0.01481	736
0.01483	736
0.01485	736
0.01486	736
0.01488	736
0.01491	736
0.01495	736
0.01498	736
0.01502	736
0.01505	736
0.01507	736
0.01509	736
0.01511	736
0.01513	736
0.01515	736
0.01517	736
0.01519	736
0.01521	736
0.01523	736
0.01525	736
0.01527	736
0.01529	736
0.01531	736
0.01532	736
0.01534	736
0.01536	736
0.01538	736
0.01540	736
0.01541	736
0.01543	736
0.01545	736
0.01547	736
0.01548	736
0.01550	736
0.01552	736
0.01554	736
0.01555	736
0.01557	736
0.01559	736
0.01561	736
0.01563	736
0.01564	736
0.01566	736
0.01568	736
0.01570	736
0.01571	736
0.01573	736
0.01575	736
0.01578	736
0.01579	736
0.01581	736
0.01582	736
0.01584	736
0.01586	736
0.01588	736
0.01589	736
0.01591	736
0.01593	736
0.01594	736
0.01596	736
0.01597	736
0.01599	736
0.01601	736
0.01603	736
0.01604	736
0.01606	736
0.01607	736
0.01609	736
0.01611	736
0.01613	736
0.01614	736
0.01616	736
0.01617	736
0.01619	736
0.01621	736
0.01622	736
0.01624	736
0.01626	736
0.01627	736
0.01629	736
0.01631	736
0.01632	736
0.01634	736
0.01636	736
0.01637	736
0.01639	736
0.01641	736
0.01642	736
0.01644	736
0.01646	736
0.01647	736
0.01649	736
0.01651	736
0.01652	736
0.01654	736
0.01656	736
0.01657	736
0.01659	736
0.01661	736
0.01662	736
0.01664	736
0.01665	736
0.01667	736
0.01669	736
0.01671	736
0.01672	736
0.01674	736
0.01675	736
0.01677	736
0.01679	736
0.01681	736
0.01682	736
0.01684	736
0.01686	736
0.01687	736
0.01689	736
0.01690	736
0.01692	736
0.01694	736
0.01695	736
0.01697	736
0.01699	736
0.01700	736
0.01702	736
0.01704	736
0.01706	736
0.01707	736
0.01709	736
0.01710	736
0.01712	736
0.01714	736
0.01715	736
0.01717	736
0.01718	736
0.01720	736
0.01722	736
0.01724	736
0.01725	736
0.01727	736
0.01728	736
0.01730	736
0.01732	736
0.01734	736
0.01735	736
0.01737	736
0.01738	736
0.01740	736
0.01742	736
0.01743	736
0.01745	736
0.01747	736
0.01748	736
0.01750	736
0.01752	736
0.01753	736
0.01755	736
0.01757	736
0.01758	736
0.01760	736
0.01762	736
0.01763	736
0.01765	736
0.01767	736
0.01768	736
0.01770	736
0.01772	736
0.01773	736
0.01775	736
0.01776	736
0.01778	736
0.01780	736
0.01781	736
0.01783	736
0.01785	736
0.01786	736
0.01788	736
0.01790	736
0.01791	736
0.01793	736
0.01795	736
0.01796	736
0.01798	736
0.01800	736
0.01801	736
0.01803	736
0.01805	736
0.01806	736
0.01808	736
0.01810	736
0.01811	736
0.01813	736
0.01815	736
0.01816	736
0.01818	736
0.01820	736
0.01821	736
0.01823	736
0.01825	736
0.01826	736
0.01828	736
0.01829	736
0.01831	736
0.01833	736
0.01835	736
0.01836	736
0.01838	736
0.01840	736
0.01841	736
0.01843	736
0.01844	736
0.01846	736
0.01848	736
0.01850	736
0.01851	736
0.01853	736
0.01854	736
0.01856	736
0.01858	736
0.01859	736
0.01861	736
0.01863	736
0.01864	736
0.01866	736
0.01868	736
0.01869	736
0.01871	736
0.01873	736
0.01874	736
0.01876	736
0.01878	736
0.01879	736
0.01881	736
0.01883	736
0.01884	736
0.01886	736
0.01887	736
0.01889	736
0.01891	736
0.01893	736
0.01894	736
0.01896	736
0.01897	736
0.01899	736
0.01901	736
0.01902	736
0.01904	736
0.01906	736
0.01909	736
0.01911	736
0.01913	736
0.01915	736
0.01917	736
0.01919	736
0.01920	736
0.01922	736
0.01924	736
0.01926	736
0.01928	736
0.01930	736
0.01932	736
0.01934	736
0.01936	736
0.01938	736
0.01940	736
0.01944	736
0.01947	736
0.01950	736
0.01953	736
0.01956	736
0.01960	736
0.01963	736
0.01965	736
0.01968	736
0.01970	736
0.01973	736
0.01974	736
0.01976	736
0.01978	736
0.01979	736
0.01981	736
0.01983	736
0.01984	736
0.01987	736
0.01989	736
0.01990	736
0.01992	736
0.01994	736
0.01996	736
0.01997	736
0.01999	736
0.02001	736
0.02003	736
0.02004	736
0.02006	736
0.02008	736
0.02009	736
0.02011	736
0.02013	736
0.02014	736
0.02016	736
0.02018	736
0.02020	736
0.02021	736
0.02023	736
0.02025	736
0.02026	736
0.02028	736
0.02030	736
0.02032	736
0.02033	736
0.02035	736
0.02037	736
0.02039	736
0.02040	736
0.02042	736
0.02044	736
0.02045	736
0.02047	736
0.02049	736
0.02050	736
0.02052	736
0.02054	736
0.02056	736
0.02057	736
0.02059	736
0.02061	736
0.02063	736
0.02064	736
0.02068	736
0.02069	736
0.02071	736
0.02073	736
0.02074	736
0.02076	736
0.02078	736
0.02080	736
0.02081	736
0.02083	736
0.02085	736
0.02087	736
0.02089	736
0.02091	736
0.02092	736
0.02094	736
0.02096	736
0.02097	736
0.02099	736
0.02101	736
0.02102	736
0.02104	736
0.02106	736
0.02107	736
0.02109	736
0.02111	736
0.02112	736
0.02114	736
0.02116	736
0.02117	736
0.02119	736
0.02121	736
0.02122	736
0.02124	736
0.02126	736
0.02127	736
0.02129	736
0.02131	736
0.02132	736
0.02134	736
0.02135	736
0.02137	736
0.02139	736
0.02141	736
0.02142	736
0.02144	736
0.02146	736
0.02147	736
0.02149	736
0.02150	736
0.02152	736
0.02154	736
0.02156	736
0.02157	736
0.02159	736
0.02160	736
0.02162	736
0.02164	736
0.02166	736
0.02167	736
0.02169	736
0.02170	736
0.02172	736
0.02174	736
0.02176	736
0.02178	736
0.02180	736
0.02183	736
0.02184	736
0.02186	736
0.02188	736
0.02189	736
0.02191	736
0.02193	736
0.02194	736
0.02196	736
0.02198	736
0.02199	736
0.02201	736
0.02202	736
0.02204	736
0.02206	736
0.02208	736
0.02209	736
0.02211	736
0.02213	736
0.02214	736
0.02216	736
0.02218	736
0.02219	736
0.02221	736
0.02223	736
0.02224	736
0.02226	736
0.02228	736
0.02229	736
0.02231	736
0.02233	736
0.02234	736
0.02236	736
0.02238	736
0.02239	736
0.02241	736
0.02243	736
0.02244	736
0.02246	736
0.02248	736
0.02249	736
0.02251	736
0.02253	736
0.02254	736
0.02256	736
0.02258	736
0.02259	736
0.02261	736
0.02262	736
0.02264	736
0.02266	736
0.02267	736
0.02269	736
0.02271	736
0.02272	736
0.02274	736
0.02276	736
0.02277	736
0.02279	736
0.02281	736
0.02282	736
0.02284	736
0.02286	736
0.02287	736
0.02289	736
0.02291	736
0.02293	736
0.02295	736
0.02297	736
0.02299	736
0.02301	736
0.02303	736
0.02304	736
0.02306	736
0.02308	736
0.02310	736
0.02312	736
0.02314	736
0.02316	736
0.02318	736
0.02320	736
0.02321	736
0.02323	736
0.02325	736
0.02328	736
0.02330	736
0.02332	736
0.02334	736
0.02336	736
0.02337	736
0.02339	736
0.02341	736
0.02343	736
0.02345	736
0.02347	736
0.02349	736
0.02351	736
0.02353	736
0.02354	736
0.02356	736
0.02358	736
0.02360	736
0.02362	736
0.02366	736
0.02368	736
0.02373	736
0.02376	736
0.02378	736
0.02380	736
0.02382	736
0.02384	736
0.02386	736
0.02388	736
0.02390	736
0.02392	736
0.02395	736
0.02397	736
0.02399	736
0.02402	736
0.02404	736
0.02406	736
0.02409	736
0.02414	736
0.02417	736
0.02419	736
0.02422	736
0.02427	736
0.02433	736
0.02440	736
0.02443	736
0.02446	736
0.02451	736
0.02454	736
0.02459	736
0.02464	736
0.02467	736
0.02472	736
0.02476	736
0.02478	736
0.02480	736
0.02483	736
0.02485	736
0.02495	736
0.02501	736
0.02503	736
0.02505	736
0.02508	736
0.02513	736
0.02515	736
0.02519	736
0.02521	736
0.02525	736
0.02527	736
0.02530	736
0.02532	736
0.02533	736
0.02536	736
0.02538	736
0.02540	736
0.02542	736
0.02543	736
0.02545	736
0.02548	736
0.02550	736
0.02552	736
0.02554	736
0.02556	736
0.02558	736
0.02560	736
0.02562	736
0.02564	736
0.02566	736
0.02567	736
0.02569	736
0.02571	736
0.02574	736
0.02575	736
0.02577	736
0.02580	736
0.02582	736
0.02584	736
0.02586	736
0.02588	736
0.02590	736
0.02592	736
0.02594	736
0.02595	736
0.02597	736
0.02599	736
0.02601	736
0.02603	736
0.02605	736
0.02607	736
0.02609	736
0.02611	736
0.02612	736
0.02615	736
0.02616	736
0.02618	736
0.02620	736
0.02622	736
0.02624	736
0.02626	736
0.02628	736
0.02630	736
0.02632	736
0.02634	736
0.02635	736
0.02637	736
0.02639	736
0.02641	736
0.02643	736
0.02645	736
0.02647	736
0.02649	736
0.02651	736
0.02652	736
0.02654	736
0.02656	736
0.02658	736
0.02660	736
0.02662	736
0.02664	736
0.02666	736
0.02668	736
0.02669	736
0.02671	736
0.02673	736
0.02675	736
0.02677	736
0.02679	736
0.02681	736
0.02683	736
0.02685	736
0.02687	736
0.02688	736
0.02690	736
0.02692	736
0.02694	736
0.02696	736
0.02698	736
0.02700	736
0.02702	736
0.02704	736
0.02705	736
0.02707	736
0.02709	736
0.02711	736
0.02713	736
0.02715	736
0.02717	736
0.02719	736
0.02721	736
0.02722	736
0.02724	736
0.02726	736
0.02728	736
0.02730	736
0.02732	736
0.02734	736
0.02736	736
0.02738	736
0.02739	736
0.02741	736
0.02743	736
0.02745	736
0.02747	736
0.02749	736
0.02751	736
0.02753	736
0.02755	736
0.02756	736
0.02758	736
0.02760	736
0.02764	736
0.02766	736
0.02768	736
0.02770	736
0.02772	736
0.02774	736
0.02776	736
0.02778	736
0.02780	736
0.02781	736
0.02783	736
0.02785	736
0.02787	736
0.02789	736
0.02791	736
0.02793	736
0.02795	736
0.02797	736
0.02798	736
0.02800	736
0.02802	736
0.02804	736
0.02806	736
0.02808	736
0.02810	736
0.02812	736
0.02814	736
0.02815	736
0.02817	736
0.02819	736
0.02821	736
0.02823	736
0.02825	736
0.02827	736
0.02829	736
0.02831	736
0.02832	736
0.02835	736
0.02837	736
0.02839	736
0.02840	736
0.02842	736
0.02844	736
0.02845	736
0.02847	736
0.02848	736
0.02850	736
0.02852	736
0.02854	736
0.02855	736
0.02857	736
0.02858	736
0.02860	736
0.02862	736
0.02864	736
0.02865	736
0.02867	736
0.02868	736
0.02870	736
0.02872	736
0.02874	736
0.02875	736
0.02877	736
0.02879	736
0.02880	736
0.02882	736
0.02884	736
0.02885	736
0.02887	736
0.02889	736
0.02890	736
0.02892	736
0.02894	736
0.02895	736
0.02897	736
0.02899	736
0.02900	736
0.02902	736
0.02903	736
0.02905	736
0.02907	736
0.02908	736
0.02910	736
0.02912	736
0.02913	736
0.02915	736
0.02917	736
0.02918	736
0.02920	736
0.02922	736
0.02923	736
0.02925	736
0.02926	736
0.02928	736
0.02930	736
0.02932	736
0.02933	736
0.02935	736
0.02937	736
0.02938	736
0.02940	736
0.02942	736
0.02943	736
0.02945	736
0.02947	736
0.02948	736
0.02950	736
0.02952	736
0.02953	736
0.02955	736
0.02957	736
0.02958	736
0.02960	736
0.02962	736
0.02963	736
0.02965	736
0.02967	736
0.02968	736
0.02970	736
0.02971	736
0.02973	736
0.02975	736
0.02977	736
0.02978	736
0.02980	736
0.02982	736
0.02983	736
0.02985	736
0.02986	736
0.02988	736
0.02990	736
0.02992	736
0.02993	736
0.02995	736
0.02997	736
0.02998	736
0.03000	736
0.03002	736
0.03003	736
0.03005	736
0.03007	736
0.03008	736
0.03010	736
0.03012	736
0.03013	736
0.03015	736
0.03016	736
0.03018	736
0.03020	736
0.03021	736
0.03023	736
0.03025	736
0.03026	736
0.03028	736
0.03030	736
0.03031	736
0.03033	736
0.03035	736
0.03036	736
0.03038	736
0.03040	736
0.03041	736
0.03043	736
0.03044	736
0.03046	736
0.03048	736
0.03050	736
0.03051	736
0.03053	736
0.03055	736
0.03056	736
0.03058	736
0.03060	736
0.03061	736
0.03063	736
0.03065	736
0.03066	736
0.03068	736
0.03070	736
0.03071	736
0.03073	736
0.03075	736
0.03076	736
0.03078	736
0.03079	736
0.03081	736
0.03083	736
0.03085	736
0.03086	736
0.03088	736
0.03090	736
0.03091	736
0.03093	736
0.03095	736
0.03096	736
0.03098	736
0.03100	736
0.03101	736
0.03103	736
0.03105	736
0.03106	736
0.03108	736
0.03110	736
0.03111	736
0.03113	736
0.03114	736
0.03117	736
0.03120	736
0.03123	736
0.03124	736
0.03127	736
0.03129	736
0.03130	736
0.03132	736
0.03134	736
0.03136	736
0.03138	736
0.03140	736
0.03142	736
0.03144	736
0.03146	736
0.03148	736
0.03151	736
0.03154	736
0.03158	736
0.03161	736
0.03164	736
0.03168	736
0.03172	736
0.03175	736
0.03177	736
0.03179	736
0.03180	736
0.03182	736
0.03185	736
0.03187	736
0.03188	736
0.03190	736
0.03192	736
0.03194	736
0.03195	736
0.03197	736
0.03199	736
0.03200	736
0.03202	736
0.03204	736
0.03205	736
0.03207	736
0.03209	736
0.03210	736
0.03212	736
0.03214	736
0.03215	736
0.03217	736
0.03219	736
0.03220	736
0.03222	736
0.03224	736
0.03225	736
0.03227	736
0.03229	736
0.03230	736
0.03232	736
0.03234	736
0.03235	736
0.03237	736
0.03239	736
0.03240	736
0.03242	736
0.03243	736
0.03245	736
0.03247	736
0.03248	736
0.03250	736
0.03252	736
0.03253	736
0.03255	736
0.03257	736
0.03258	736
0.03260	736
0.03262	736
0.03263	736
0.03265	736
0.03267	736
0.03268	736
0.03270	736
0.03272	736
0.03273	736
0.03275	736
0.03277	736
0.03278	736
0.03280	736
0.03282	736
0.03283	736
0.03285	736
0.03286	736
0.03288	736
0.03290	736
0.03291	736
0.03293	736
0.03295	736
0.03297	736
0.03298	736
0.03300	736
0.03302	736
0.03303	736
0.03305	736
0.03306	736
0.03308	736
0.03310	736
0.03311	736
0.03313	736
0.03315	736
0.03316	736
0.03318	736
0.03320	736
0.03322	736
0.03323	736
0.03325	736
0.03326	736
0.03328	736
0.03330	736
0.03331	736
0.03333	736
0.03335	736
0.03336	736
0.03338	736
0.03340	736
0.03341	736
0.03343	736
0.03345	736
0.03346	736
0.03348	736
0.03350	736
0.03351	736
0.03353	736
0.03354	736
0.03356	736
0.03358	736
0.03359	736
0.03361	736
0.03364	736
0.03366	736
0.03367	736
0.03369	736
0.03371	736
0.03372	736
0.03374	736
0.03376	736
0.03377	736
0.03379	736
0.03381	736
0.03382	736
0.03384	736
0.03386	736
0.03387	736
0.03389	736
0.03391	736
0.03392	736
0.03394	736
0.03396	736
0.03397	736
0.03399	736
0.03401	736
0.03402	736
0.03404	736
0.03406	736
0.03407	736
0.03409	736
0.03411	736
0.03412	736
0.03414	736
0.03416	736
0.03417	736
0.03419	736
0.03420	736
0.03422	736
0.03424	736
0.03426	736
0.03427	736
0.03429	736
0.03431	736
0.03432	736
0.03434	736
0.03436	736
0.03437	736
0.03439	736
0.03440	736
0.03442	736
0.03444	736
0.03445	736
0.03447	736
0.03449	736
0.03451	736
0.03452	736
0.03454	736
0.03456	736
0.03457	736
0.03459	736
0.03461	736
0.03462	736
0.03464	736
0.03466	736
0.03467	736
0.03469	736
0.03470	736
0.03472	736
0.03474	736
0.03476	736
0.03477	736
0.03479	736
0.03481	736
0.03482	736
0.03484	736
0.03486	736
0.03487	736
0.03489	736
0.03491	736
0.03492	736
0.03494	736
0.03496	736
0.03497	736
0.03499	736
0.03501	736
0.03502	736
0.03504	736
0.03506	736
0.03507	736
0.03509	736
0.03511	736
0.03512	736
0.03514	736
0.03516	736
0.03517	736
0.03519	736
0.03521	736
0.03522	736
0.03524	736
0.03526	736
0.03527	736
0.03529	736
0.03531	736
0.03532	736
0.03534	736
0.03536	736
0.03537	736
0.03539	736
0.03540	736
0.03542	736
0.03544	736
0.03546	736
0.03547	736
0.03549	736
0.03551	736
0.03552	736
0.03554	736
0.03556	736
0.03557	736
0.03559	736
0.03560	736
0.03562	736
0.03564	736
0.03565	736
0.03567	736
0.03569	736
0.03570	736
0.03572	736
0.03574	736
0.03575	736
0.03577	736
0.03579	736
0.03580	736
0.03582	736
0.03584	736
0.03585	736
0.03587	736
0.03589	736
0.03590	736
0.03592	736
0.03594	736
0.03595	736
0.03597	736
0.03599	736
0.03600	736
0.03602	736
0.03603	736
0.03605	736
0.03607	736
0.03608	736
0.03610	736
0.03612	736
0.03614	736
0.03615	736
0.03617	736
0.03618	736
0.03620	736
0.03622	736
0.03623	736
0.03625	736
0.03627	736
0.03628	736
0.03630	736
0.03632	736
0.03633	736
0.03635	736
0.03637	736
0.03638	736
0.03640	736
0.03642	736
0.03643	736
0.03645	736
0.03647	736
0.03648	736
0.03650	736
0.03652	736
0.03653	736
0.03655	736
0.03657	736
0.03658	736
0.03660	736
0.03661	736
0.03663	736
0.03665	736
0.03666	736
0.03668	736
0.03670	736
0.03671	736
0.03673	736
0.03675	736
0.03676	736
0.03678	736
0.03680	736
0.03681	736
0.03683	736
0.03685	736
0.03686	736
0.03688	736
0.03690	736
0.03691	736
0.03693	736
0.03695	736
0.03696	736
0.03698	736
0.03700	736
0.03701	736
0.03703	736
0.03705	736
0.03706	736
0.03708	736
0.03710	736
0.03711	736
0.03713	736
0.03714	736
0.03716	736
0.03718	736
0.03720	736
0.03721	736
0.03723	736
0.03724	736
0.03726	736
0.03728	736
0.03729	736
0.03731	736
0.03733	736
0.03734	736
0.03736	736
0.03738	736
0.03739	736
0.03741	736
0.03743	736
0.03744	736
0.03746	736
0.03748	736
0.03749	736
0.03751	736
0.03753	736
0.03754	736
0.03756	736
0.03757	736
0.03759	736
0.03761	736
0.03762	736
0.03764	736
0.03766	736
0.03767	736
0.03769	736
0.03771	736
0.03772	736
0.03774	736
0.03775	736
0.03777	736
0.03779	736
0.03780	736
0.03782	736
0.03784	736
0.03785	736
0.03787	736
0.03789	736
0.03791	736
0.03792	736
0.03794	736
0.03796	736
0.03797	736
0.03799	736
0.03800	736
0.03802	736
0.03804	736
0.03805	736
0.03807	736
0.03809	736
0.03810	736
0.03812	736
0.03814	736
0.03815	736
0.03817	736
0.03819	736
0.03820	736
0.03822	736
0.03824	736
0.03825	736
0.03827	736
0.03829	736
0.03830	736
0.03832	736
0.03834	736
0.03835	736
0.03837	736
0.03839	736
0.03841	736
0.03844	736
0.03850	736
0.03852	736
0.03853	736
0.03855	736
0.03858	736
0.03860	736
0.03862	736
0.03866	736
0.03869	736
0.03872	736
0.03876	736
0.03879	736
0.03882	736
0.03885	736
0.03888	736
0.03892	736
0.03895	736
0.03898	736
0.03902	736
0.03905	736
0.03908	736
0.03911	736
0.03915	736
0.03918	736
0.03921	736
0.03924	736
0.03928	736
0.03931	736
0.03934	736
0.03937	736
0.03941	736
0.03944	736
0.03947	736
0.03950	736
0.03954	736
0.03957	736
0.03961	736
0.03963	736
0.03965	736
0.03968	736
0.03970	736
0.03972	736
0.03974	736
0.03977	736
0.03979	736
0.03981	736
0.03984	736
0.03986	736
0.03988	736
0.03991	736
0.03993	736
0.03995	736
0.03997	736
0.04001	736
0.04004	736
0.04006	736
0.04008	736
0.04010	736
0.04013	736
0.04015	736
0.04017	736
0.04021	736
0.04025	736
0.04029	736
0.04032	736
0.04037	736
0.04040	736
0.04042	736
0.04045	736
0.04047	736
0.04049	736
0.04052	736
0.04054	736
0.04056	736
0.04058	736
0.04061	736
0.04063	736
0.04065	736
0.04068	736
0.04070	736
0.04074	736
0.04077	736
0.04080	736
0.04082	736
0.04084	736
0.04086	736
0.04089	736
0.04091	736
0.04094	736
0.04097	736
0.04099	736
0.04102	736
0.04106	736
0.04109	736
0.04111	736
0.04113	736
0.04115	736
0.04117	736
0.04120	736
0.04122	736
0.04124	736
0.04126	736
0.04129	736
0.04131	736
0.04133	736
0.04135	736
0.04137	736
0.04139	736
0.04142	736
0.04144	736
0.04146	736
0.04148	736
0.04151	736
0.04153	736
0.04155	736
0.04157	736
0.04159	736
0.04162	736
0.04164	736
0.04166	736
0.04170	736
0.04173	736
0.04175	736
0.04177	736
0.04179	736
0.04182	736
0.04184	736
0.04186	736
0.04188	736
0.04190	736
0.04192	736
0.04195	736
0.04197	736
0.04199	736
0.04201	736
0.04204	736
0.04206	736
0.04208	736
0.04210	736
0.04213	736
0.04215	736
0.04217	736
0.04219	736
0.04221	736
0.04223	736
0.04226	736
0.04228	736
0.04230	736
0.04232	736
0.04234	736
0.04237	736
0.04239	736
0.04241	736
0.04243	736
0.04245	736
0.04248	736
0.04250	736
0.04252	736
0.04254	736
0.04256	736
0.04258	736
0.04261	736
0.04263	736
0.04265	736
0.04267	736
0.04269	736
0.04272	736
0.04274	736
0.04276	736
0.04278	736
0.04280	736
0.04283	736
0.04285	736
0.04287	736
0.04289	736
0.04291	736
0.04294	736
0.04296	736
0.04298	736
0.04300	736
0.04302	736
0.04304	736
0.04306	736
0.04309	736
0.04311	736
0.04313	736
0.04315	736
0.04317	736
0.04320	736
0.04323	736
0.04326	736
0.04328	736
0.04331	736
0.04333	736
0.04335	736
0.04337	736
0.04340	736
0.04342	736
0.04344	736
0.04346	736
0.04349	736
0.04351	736
0.04353	736
0.04355	736
0.04358	736
0.04360	736
0.04362	736
0.04364	736
0.04367	736
0.04369	736
0.04371	736
0.04373	736
0.04375	736
0.04378	736
0.04380	736
0.04382	736
0.04384	736
0.04386	736
0.04389	736
0.04391	736
0.04393	736
0.04395	736
0.04397	736
0.04399	736
0.04402	736
0.04404	736
0.04406	736
0.04408	736
0.04410	736
0.04413	736
0.04415	736
0.04417	736
0.04419	736
0.04421	736
0.04423	736
0.04426	736
0.04428	736
0.04430	736
0.04432	736
0.04435	736
0.04437	736
0.04439	736
0.04441	736
0.04443	736
0.04446	736
0.04448	736
0.04450	736
0.04452	736
0.04454	736
0.04457	736
0.04459	736
0.04461	736
0.04463	736
0.04465	736
0.04467	736
0.04470	736
0.04472	736
0.04474	736
0.04476	736
0.04478	736
0.04481	736
0.04483	736
0.04485	736
0.04487	736
0.04489	736
0.04492	736
0.04494	736
0.04496	736
0.04498	736
0.04501	736
0.04503	736
0.04505	736
0.04507	736
0.04509	736
0.04512	736
0.04514	736
0.04516	736
0.04518	736
0.04520	736
0.04522	736
0.04525	736
0.04527	736
0.04529	736
0.04531	736
0.04533	736
0.04536	736
0.04538	736
0.04540	736
0.04542	736
0.04544	736
0.04547	736
0.04549	736
0.04551	736
0.04553	736
0.04555	736
0.04557	736
0.04560	736
0.04562	736
0.04564	736
0.04566	736
0.04569	736
0.04571	736
0.04573	736
0.04575	736
0.04577	736
0.04579	736
0.04582	736
0.04584	736
0.04586	736
0.04589	736
0.04591	736
0.04592	736
0.04594	736
0.04596	736
0.04598	736
0.04599	736
0.04601	736
0.04603	736
0.04605	736
0.04606	736
0.04608	736
0.04610	736
0.04612	736
0.04614	736
0.04615	736
0.04617	736
0.04619	736
0.04621	736
0.04622	736
0.04624	736
0.04626	736
0.04628	736
0.04629	736
0.04631	736
0.04633	736
0.04635	736
0.04637	736
0.04638	736
0.04640	736
0.04642	736
0.04644	736
0.04645	736
0.04647	736
0.04649	736
0.04651	736
0.04652	736
0.04654	736
0.04656	736
0.04658	736
0.04659	736
0.04661	736
0.04663	736
0.04665	736
0.04667	736
0.04668	736
0.04670	736
0.04672	736
0.04674	736
0.04675	736
0.04677	736
0.04679	736
0.04681	736
0.04682	736
0.04684	736
0.04686	736
0.04688	736
0.04689	736
0.04691	736
0.04693	736
0.04695	736
0.04696	736
0.04698	736
0.04701	736
0.04702	736
0.04704	736
0.04706	736
0.04707	736
0.04709	736
0.04711	736
0.04712	736
0.04714	736
0.04716	736
0.04717	736
0.04719	736
0.04721	736
0.04722	736
0.04724	736
0.04726	736
0.04727	736
0.04729	736
0.04731	736
0.04732	736
0.04734	736
0.04736	736
0.04738	736
0.04740	736
0.04742	736
0.04744	736
0.04745	736
0.04747	736
0.04749	736
0.04750	736
0.04752	736
0.04754	736
0.04755	736
0.04757	736
0.04759	736
0.04760	736
0.04762	736
0.04763	736
0.04765	736
0.04767	736
0.04768	736
0.04770	736
0.04772	736
0.04775	736
0.04779	736
0.04782	736
0.04784	736
0.04786	736
0.04788	736
0.04789	736
0.04791	736
0.04793	736
0.04795	736
0.04797	736
0.04799	736
0.04802	736
0.04805	736
0.04808	736
0.04811	736
0.04815	736
0.04818	736
0.04820	736
0.04822	736
0.04824	736
0.04826	736
0.04828	736
0.04831	736
0.04833	736
0.04834	736
0.04836	736
0.04838	736
0.04839	736
0.04841	736
0.04843	736
0.04844	736
0.04846	736
0.04848	736
0.04849	736
0.04851	736
0.04853	736
0.04854	736
0.04856	736
0.04858	736
0.04859	736
0.04861	736
0.04863	736
0.04864	736
0.04866	736
0.04868	736
0.04869	736
0.04871	736
0.04873	736
0.04874	736
0.04876	736
0.04877	736
0.04879	736
0.04881	736
0.04883	736
0.04884	736
0.04886	736
0.04888	736
0.04889	736
0.04891	736
0.04893	736
0.04894	736
0.04896	736
0.04898	736
0.04899	736
0.04901	736
0.04902	736
0.04904	736
0.04906	736
0.04908	736
0.04909	736
0.04911	736
0.04913	736
0.04914	736
0.04916	736
0.04917	736
0.04919	736
0.04921	736
0.04922	736
0.04924	736
0.04926	736
0.04927	736
0.04929	736
0.04931	736
0.04932	736
0.04934	736
0.04936	736
0.04937	736
0.04939	736

